2761381905
2111198405
456075498
887170447
2302994505
2317703202
3619914910
2639839798
3656687243
3717783026
4036883547
1700628635
404290740
213609843
379986999
3627149477
247473544
423428745
2985014273
457547352
2085091360
1224361097
1637932003
3073556411
464982824
3822651957
29488660
3711723109
1006561467
2075001768
1842557611
2749109280
3685274718
1852685421
468463337
2188049641
461516996
4020354920
1695681877
2482382209
3602767961
4112458910
3085653178
1296590243
771611144
2476857975
684057051
1390387720
1255296428
651688903
2039354233
300864550
2665826660
3899736047
678000792
2841895785
3794573129
3429371049
517171682
729111927
1187339359
3200550498
510319491
1281077601
1043392815
2793514334
2144661619
1010108876
1556197904
3736873658
3735522234
170241
1967957269
272845643
2359984570
2907980412
3382409797
2713794266
3793866413
3972826011
4285826892
1494098700
348949299
2168676591
3819729175
1120267499
3661530730
2044012227
556719487
1358482509
3752749970
341942390
2715245187
2760875402
280144000
1963425713
1684513883
1059897912
1700200597
744038732
2789140553
3300675166
3558039178
906272856
1271423586
2440212987
3337071741
830509
2196480073
1461487435
3001361300
212252445
1628884968
1797985951
2975446915
3696504077
2159882487
1614446369
2787177494
872476577
536375913
64769606
107006912
2311350447
2072903732
1680616724
636214930
2881008739
1382556732
795858331
1367424432
500889721
3962504289
295279656
2090553114
3627591354
3136184524
3122617841
1889306431
1424467287
2896171204
3466762997
3234657748
4244571924
1114649975
1156350027
1199882984
3768117493
1238009255
2768526808
1117612754
1056253389
2974118757
2633548569
2656971018
2868666166
971685353
673512758
2801763152
2947695337
651300736
3600257288
87846678
3741518143
4270022802
599192396
86660838
2554229118
2686172479
711656418
4116092484
1268470814
997572219
803486831
427479647
3083533793
3669086898
304944311
840143806
867250684
3702040309
2126533486
1855070606
1656409758
2420245190
4026826576
1415900631
4061712583
2453255902
454371210
344940242
1255985734
2231619551
181940268
753369564
3519887729
1475260376
2740137080
2122767779
1624182148
1648494460
445876921
694186138
3407349099
3152085813
2211384428
3368091439
200582363
1415058322
2264358004
65697979
3080078769
4056084445
3301065586
416894077
1208139336
4070093842
3170316236
1285472488
382830748
2479478577
2855772143
129561931
440900855
2952447661
3617493564
494522199
3462132885
3926740754
2715829890
2732289609
54333828
1362648225
2368019882
1651269041
2501785679
4126542711
349995546
2711988843
1247640048
1721945145
2609954089
2668246030
4219361625
2214797476
2908924180
2869864445
3971193878
2964942918
4198434795
4083050769
4126116032
2478004183
527540906
3178461037
2652243126
3949302040
3871470755
828835652
847716896
3035429387
552490851
620489106
1500001400
3662757852
2152029730
607241260
1796010222
3596175691
1122112542
871776171
1441423813
2627909076
4028723065
1900723571
1886051873
3533350676
602369722
4289768148
717206020
1996372290
383857278
4293287415
2338427967
454338954
2672433547
3748864055
3217040011
2678647260
2498379624
2233885089
3865007265
254687990
3120285861
2296166260
2330575935
1537101950
2927731399
1082817449
726756829
2390011747
2490750707
3834685019
1866084043
2493816555
1000693354
3859081959
3733573248
3996383220
1078016294
654264402
1561250685
807656360
491015454
2157925498
583616110
2511814393
4065085147
3223310079
2868937074
2957233672
1366452733
1361088384
3493601650
3369440061
1749544305
3376651067
1598325936
1983300326
80159949
1304458295
234107404
3756155284
475488879
995982834
3403446
995444474
3489399622
3584293487
3423713291
2511991287
4091259336
1388409430
4175199044
2811546289
3686031843
3256519906
3413460184
2511899842
534892491
3002430640
2442970522
3998482998
1834155829
4167208854
3046320712
1201991422
3544228547
2438881137
2715480429
3154240458
1676373208
81741487
1535709028
1307759337
300467765
3414190171
2443901661
1503558292
4094304451
1766218400
878315419
2338267716
4241883544
4037440972
1552618592
681890536
691921985
776740644
1354465777
2774120820
945053832
1536661336
3713503729
1545391474
93122832
3291279343
2480058312
2701265398
1344466945
1657099832
3611211673
1251844646
3631021386
181236709
3559713735
2349636222
3768371001
707207176
895966816
203412195
4281806353
3308573816
2162930614
2242828222
1133368177
2895726667
1296811774
2893498906
829870404
2640125346
916210922
2860863231
1968951927
2848943564
99768892
515665549
4267380947
1999548487
3949071143
3330329921
1221802264
3577654495
2113858347
3536180031
2004170764
415860971
750491525
4195534332
3211329038
2450940648
3914032987
3093974629
1623483168
1076628774
3968632431
976671053
2135940727
1209018039
486945691
2856778933
3349779706
2107914505
3909203926
981666887
1153887531
1525510840
4232657106
28338238
2300783002
2970395945
1020771478
1392625661
44011163
516418833
3248207573
3662775519
3774107324
2186519896
1524958111
2150456289
2506605571
3206308888
2413576038
1722786428
3837090794
3842625324
3505381108
372917323
2338115778
3080130165
321771551
2475953191
2409601675
4010241887
3744778568
3727131676
1629150801
2743547837
1175091519
2854704165
216323831
1455983819
4187017456
393804033
2753258341
2041993526
188167359
944399277
132983156
2909856615
2925527148
867832107
509019395
1465911667
404735442
1802531545
3736259131
847867832
3454431705
3338289683
3541600346
347138963
1451092238
1316173796
1216654429
3757987764
3123561190
1308695929
2156609572
1420107511
3191243104
2929835573
1947804284
2737295080
1274411780
3051616135
2714652254
3270575124
20884691
3208865971
433343707
1221360053
2670654025
1712571327
60304307
876508261
3875528784
3579879992
3381914223
2261873632
1358326815
956823609
2601136038
946050593
3289350318
2111366382
3663195719
3680402390
1623178976
495878819
2115460985
2982978256
2321189801
3864998836
354225663
2474326687
2842442846
489783550
1277860802
3892843177
2935094288
2761046797
3496269272
2873212276
1470418348
426860063
712667625
4146018193
1919180273
4135611156
2367943444
3551874509
4162225782
3313727758
338150288
1516390946
3928837309
330079155
1508100978
18199441
911566659
335059216
3901852148
53040389
3625457081
3734120658
1563971652
33745197
409894356
2451040811
2261235699
2738831151
3040077426
650781890
2559533745
2271694279
3145337062
555892437
2883455403
2228163846
552497499
392168092
3469672992
2798466569
2048736882
1737464169
1443145024
3753065285
146022728
439973552
427910411
1478737491
1965034287
4226822915
7994532
546339202
2678329716
4191946039
1955975704
2886431740
4037336441
1560959338
1801764934
2109375935
4099658329
938624978
2293407691
2208963273
1989559290
1939147757
4116493653
4006371683
851524397
360937444
3008172497
2339848383
2968586606
1233348886
583286353
509817269
711696933
3786048662
2345768271
3076165244
2669749291
2942929660
3860972366
1447252829
1475194225
4023794242
4133288106
1977082273
338561378
2975130766
3799101463
3808258766
2632622752
89656895
1354533283
2270314296
413495415
4154279392
2020826481
3059989505
750687777
3637401343
3044368158
3836531330
552837372
3602776892
1152443496
1274393
64981447
545698363
2347067522
4282694123
1714005520
4059114361
1151691395
1760754932
189192835
2820995754
1903994754
1084930601
721310340
424011495
403314207
1174819040
1799974202
2073825706
1780932964
1842535928
899836048
2146824032
1929381834
2408118387
3296565726
3871832089
1837300155
3600734628
1243677111
2474675142
2680506190
52725074
2540356737
3704782501
1616946555
1451459353
2760408416
1198095097
1136095094
1079183976
1221172627
3437811063
886989799
1326782836
443555480
1522638848
3341024480
843866306
995042299
2258069254
2192530212
3823413158
2600458038
2684077271
2183468562
3411569858
1206274834
3827073457
4187073733
2295182537
51636626
1671500829
69085589
1338061975
277940701
3623369636
2771150251
437206058
3452363435
4008507858
1280995745
4216666836
578984815
373443131
2737239208
1080639386
294937429
2749150310
2864251986
1696192973
2717979600
2682721754
454536217
4201812965
607955816
3810761900
3329390635
1975766540
1472596434
1831605681
631820256
1314943445
555806130
232641551
1712747119
3690341143
686269641
935751469
1626963509
1850297831
1659690150
1121452241
2565445250
1535043279
1528546467
1337216799
1784429727
1514743220
453783590
3087381928
1965489399
3092129877
4005813436
2725875970
2442796335
1830582904
34309074
1120535567
2396575735
1025176356
1117556777
356334175
3819576604
2074307416
2837045733
390062580
3011465341
678161653
1444010122
1578114475
1278265862
3084773983
2770423447
2959506746
1829444456
3489089799
1785242057
432699291
3989217364
2804673971
3237096388
2766283758
1764133448
2863030828
1410930371
2199874264
1116028094
4204123839
763209294
2295858024
1857675040
2545705013
4257838952
3250198400
1604751873
1697354544
1098690081
391165245
4025961837
1669688340
2159008198
2081836147
1072706634
2126492379
400404214
2602100382
2931780201
1411392866
1552804369
1745343846
2859502293
109225839
2735573731
2398637770
32936910
17024961
1692015674
3977821238
3200432344
30811111
328209110
2137172154
1632257956
3652065199
1137768176
936203219
598823780
2748298641
2839844864
158940014
992478084
3379059051
956976262
617899850
176904159
3085208722
1817734986
661838783
1444515748
547454519
3758368129
4038926290
4235769593
2394851903
1550051400
788326539
1957861086
2105627159
105795039
2406907496
2783595743
377698310
1696105596
746168336
2049301659
526583026
4039327478
1318050322
1611471754
291376615
675738292
2694849674
248420322
632548836
1019222358
1196832289
1573710306
3280209108
3100232001
341948639
730131572
1068857302
3914853987
4128202998
1870784693
3699212023
4016045965
1463746703
1540833273
601590374
3985752229
3991420194
2971493433
3822637351
1611272117
1242159617
1751254930
1033516028
1699292312
1057500072
3027099012
4151601582
1193713372
43025083
2157543158
1749897357
850715263
116116846
3108385654
4197765789
448673011
3669824761
2129859866
3877806634
602211481
3878995015
3425628032
24188030
2167945389
1919273114
2800050404
473328235
1263753739
3737983243
85429841
42796906
2752068553
1849003439
1535088783
276092708
3766280768
2921788388
1013688300
4086068310
2256765505
2497969450
2703488385
1024827975
1392937992
2734003700
1612958863
2222740084
3218178134
3007515723
2993885532
373343963
3813899437
749300605
3152781039
4070003146
1000030900
3840145570
412140035
1528639800
3232601627
4018210324
3895514797
1499408820
243626720
3285803623
3880676734
3943737988
2586484921
3085980057
1919996842
693094146
69625307
2960130012
347241509
2423804324
105605292
2290436298
2668732696
3398001971
2237690853
323517503
1421763417
891306535
1432795103
2055200425
3767510771
524130185
1267732359
1480547250
3409533146
4027429323
2612503058
2870598051
105328536
3349381667
3228907610
722487746
1017991553
1159535444
4213179797
2820470226
3537660541
4275074386
2962009832
2875768249
324637136
657915470
2471490308
3091223048
2951220243
2728621630
608738843
2113185388
2423491438
2138333863
1278397088
1839181050
423450628
401190138
1493707756
2739959759
1673503075
3135797594
4074477533
3262593291
328175211
1236158045
3480935956
1961460512
395197589
248721216
2602889305
204908761
862567561
2720520985
375228030
1005172875
3898034635
52000936
408720125
4153425783
1873857328
2824145527
2520642402
908631091
2776763529
1738228870
1700998016
1513338936
3308322203
1375793513
1417912953
1963117485
839149016
3667696536
501099525
150407625
2205578708
249989934
2794468836
1617267772
2830314405
1774656861
4047072658
3319235155
4106179916
1440257427
2982054491
2635618642
4171914647
1222347042
3803889208
85770246
538140386
1256222996
773122511
611625219
3228614773
2190869735
792659326
2037643342
397498521
3131360545
2670316818
105809303
2194422346
1148999922
3298094471
1040817700
829746555
2413476621
666152430
2516613463
3028523038
3903092082
2450476642
3416343705
4035588947
1887614836
2438797350
3619162342
3515143127
3186151361
3075395503
3936025455
1039833750
1291089044
1589617396
2702516386
3962382397
2295964668
3050055956
2034681571
624038143
2599721885
3218795597
3469751236
903395208
3070853216
3342235296
393291278
1095984895
3014495319
2957056417
548225348
1316878218
324665344
294589873
4123087063
2612614332
2771800878
840044965
1467061564
1350187445
4278537480
1821162043
148411036
4017289668
2010474457
540853326
3669169864
2145396839
3084507294
3412922231
2309342547
2686103266
1900977990
2936130470
1592757050
487918785
3496726349
4049228452
328212113
239904676
1327642793
88027054
2422402562
2085242366
896119075
2710940806
1674304883
3122463473
1835610461
106666233
2028525453
3701531730
3309006407
1384705983
3090458866
3049101663
1024152746
476982953
4107179970
3351945292
1886297983
4275124931
3446422357
2424684157
3615963882
639105713
2686932096
1490393752
1136448166
800058823
488211571
2793711703
894290836
1840227727
2810375833
292206399
1410800938
2997064053
456212040
1450641558
3176486699
440849539
3358799372
2998868166
638591391
2739681240
464306399
1313267849
388860569
3854265245
1544852426
1551626201
2630318034
582864589
3507721679
3884819389
2483096587
2137480360
2370675134
766527597
2290695741
3267488906
3639526063
3640956803
1632933412
3839877604
1820315947
3707131440
4220007060
3219114284
3593406096
2341321449
1956561347
3458207281
285901079
3090916664
3719251517
389637282
3449853477
1400376562
3123594797
2073451354
747856684
3317865814
1941032202
2150889205
2748472292
2221625468
3917819945
3640229478
2539936568
2928425891
1075031483
2158643148
2214501309
2518617782
1014450808
3995813588
1070020079
2394630947
3514900185
2002245274
723147416
3497253999
414136597
2557300623
962191960
907953325
1965560623
1760481525
3444245348
2564832083
2583553784
3864702176
4101088291
132508856
2867813619
4139302804
1273258377
782241323
3724829361
4269474434
838331665
2667250861
3873228217
3111347396
4193887215
1729139675
675799946
2007604994
355647044
1575441670
2761609070
578629395
148157003
3821020822
3186742172
1717696709
2457673163
1371536454
1432568385
1111562377
3527245005
1389319785
499856669
3978311673
1665114120
1403439058
1060890705
646155318
2693629841
962965485
3339887036
723624074
1830475388
4093610839
63518431
1207709993
866091057
1660733031
4105123690
2497469676
1095031087
3393700079
3481426000
4004749830
858844074
1062109203
518829288
2257740675
3368917397
4121043068
4188613318
2502797953
1497038789
4021112528
2308519885
242645791
2183224848
432514615
817884568
2746801738
2687125978
3361816539
2826724938
1469127546
2690745330
154597633
1428987551
2454393112
874838171
2393970205
1977309411
553548061
233278610
3560351723
1016120732
1996268584
2347481183
1952676281
1079378567
3619946820
4053043506
3028869179
3217155849
4067328808
1522605475
1667726016
538036954
3877867667
2502706446
3112970354
805732947
3580750254
4098749571
3921029262
3900465513
14773890
2145237596
2865653499
651591868
75599752
329540871
4047991560
3340723000
1101694500
649318480
1439710954
1253051430
2251522290
652784716
3968030517
3907654935
188727930
881943854
1698725601
2132949436
3715647191
3400449830
4170248410
2208161220
4157601472
1066691537
443493897
3690867888
3538185566
3532292919
2936916613
3079473685
1451421609
2668689839
3615819190
1572666549
3518900513
1729816430
2223385759
3341796954
403175558
3551112640
2180897449
3799319384
3877127497
2004153590
2762432750
2388674878
4120465510
697322272
1105941963
4104205529
1982096023
1469106262
1713600753
948407368
51689551
3902379665
1242359724
299552033
36600805
2758226947
983549667
2029966780
2675721370
2153064142
1626032788
1642653270
4200910601
3339716014
1133673456
3259097467
2610210540
4284389604
136897794
961222972
3187519675
1336769325
1003464850
1203451073
3445715502
882902784
2985931559
615681303
687915159
1926814972
3521806034
1934596051
3101385913
3651427707
1192210996
691892833
4124057066
1605794102
2212195897
1733170957
593847082
272390130
2713864034
2351688959
3926418692
45776312
2433888639
3775854786
4162787171
4067143164
463328068
2536448554
3017111782
40593720
1490917447
284496779
2745523176
614969840
256923008
1519557593
1889266984
670170460
912668832
1213823249
2347822952
321381165
876316932
2437007736
293314883
3859652085
1561554087
4068187203
1515399706
772852321
4012960320
1499970410
448044798
3858521982
865870281
3504916382
508377555
757767100
762514252
3805363212
1445758963
4215523294
2380767260
3122005562
737193928
1819170306
1218592995
3443435327
532139496
2901214170
1325124926
1888960378
1343829259
2445273206
2492779594
1951328843
4050230147
3043126235
3790264879
3908463224
355231369
24593290
3838895225
1866257163
2815701832
573744434
2136389385
2135902951
581012055
3412374246
209970195
2013870792
1768469961
569428471
1328590867
1312276806
3149464604
2921531899
18284339
397615098
4146365960
444971309
2537635741
3764323904
3684432598
1576545585
3878690622
3019133831
2010682621
2142724162
932021767
2985098117
2399374593
4037618599
3457817747
2995704753
746208756
2319236550
571802754
3301919203
219011474
2871440736
1815468200
2842232303
1090509731
1548537141
3353420719
302258105
2195983927
2538116356
3258887165
3157453064
565345834
977358163
539895250
4196735984
748545077
4200568112
1489474566
222662850
2627265530
1063630499
1909800607
337947319
3217370438
2097321651
491110692
2760752623
987936175
3095430951
2382505985
3082274005
1649816357
737041634
3942210809
1136293988
889984693
3014914069
2818165981
2006603097
3962989979
1763876779
2987966201
2104358417
3458311241
1910211697
212498177
3702656456
2959694414
3994445712
4228078018
2330359362
1413330258
3542112615
949084215
266925963
3062708663
3338552730
1365049773
1601060537
1352331500
623424395
199084636
3947387931
4235386304
1613081111
481651731
3327832240
877437940
4062204168
2304724244
1238171067
2171692698
2839604845
1145606534
615428654
2984366380
3638148559
801018071
2389053713
1544876198
2220778879
2413553723
190990551
82430682
1051901291
1630677927
3670924573
3109351983
3351295562
3824917282
2995492870
1290517852
4277605883
3883800433
3473246275
3618334529
980745865
3298207588
2833742251
1159264538
966405148
1478694875
3701297448
3166389060
3063794078
388589055
1598622257
611941248
1008771994
2279483867
3311872104
189416117
1593856468
3100833280
3080918655
1283088110
2211038167
862717588
1658824034
2116233011
2029437042
4272914595
4118125792
2250430445
3491784953
3799642316
528623130
2452936462
2204711047
2937519539
1324640080
2357528884
275739420
2654722710
2046736737
909252890
548881868
506238083
4159067173
2936283708
4146493411
1839046002
3881253058
3161296949
2558264594
862274202
2805133220
1728140001
2962444660
1522082253
2912718027
4081649470
3565946442
4257237271
1598557871
3122455832
1087763060
2792061423
2694702753
3725740289
2589515266
2497350410
3118983597
3476470494
2240525625
96841968
903393156
4263574798
1218937694
4117921936
1979905234
2323264910
1950884657
3095952686
3929167823
3079733358
770297536
864103342
1617648923
2604756069
3031685597
1790263086
678704466
571667320
185945495
4212032878
1884158535
2470861570
3489330274
3115842317
805447273
1491393961
1405086571
743265491
3006410547
4037918835
2775243665
2604118943
1864659414
2735336784
3482583239
2459705085
4142799158
1414198049
3158611803
828442914
2416629948
22887869
368146290
2502927004
1032206612
2984946574
278458397
1010357876
1772968772
2899400959
1398006783
1932634704
1300144292
3107146414
3882487291
1011825011
1451080293
2065644058
1246782984
152891387
2789223422
3466984663
2101252066
2141326361
4182051570
4225464923
932621885
2562475145
2761690695
4232235935
202164633
31797976
2981320226
3455313025
3397224054
3861031027
633662918
2298097159
1239223673
2149751349
3559459623
1747354818
1950968972
2225641582
315162548
3008055378
3306934043
2796450312
1455268317
2253540862
6731991
2111431708
1629026444
2173300872
1170457907
104020936
106860737
3141806336
424235484
1733194027
3465172104
237813853
2281267382
1891748944
3617703185
1596011772
1893785638
2850672591
1996346327
3415791879
649580486
3786873907
4068107746
191626937
1994869927
345266909
322807646
2420027801
854906058
2940455051
1053610409
3895175744
2422824049
2887516258
4235922059
590928834
1582669289
2628313794
2053562907
3617336002
2385293003
2442618698
2560492663
608840417
1675255187
3854614178
4199186697
2840263411
3579514450
1394863390
158802082
2826083516
3225697695
2383173790
1728368520
1957516744
3084902
2751842035
2124803320
1535220063
2629086745
3615063551
3377020234
3669108512
1681738582
520217165
3639925018
1444154265
3733390922
3191383308
912492688
1542937330
2999418330
1442980505
4211882621
2106396267
423924
4047568005
2197731922
3359721628
1525885383
3340125977
997061673
2379149799
2456763577
3630066781
1745510139
4019891434
3738076384
3106800668
141880193
4077888149
2223165982
60725867
1371117763
3131549286
3052387394
2634448416
3445556327
2781601907
699295675
4035366634
2205912378
2211673124
2281525968
3619860473
3852201446
132936349
881799133
4110879706
3967011552
3479597709
3540864113
3668268283
4262492428
891485134
2826337395
1928161589
2080994553
894995154
4226896636
2100719208
210212316
1540075668
3488887608
823474948
463289629
2618337308
749534165
198846135
1556796324
26562385
3554246990
1922107008
3187880347
1077230803
3478251348
2082412913
3219087884
4079897835
2093119375
3474130006
3954274507
405005851
969037942
1909418304
1664843078
537594382
1299020701
1491913546
1968030103
357486175
4179622807
4203973427
2734800586
2417652
15710451
2856258829
1983687085
1027739597
1144828978
3465471752
2441520396
3329100002
2274932519
904387052
4053041908
99728417
3189318936
1009216049
605067687
1004577330
2441436180
3306949087
2436602865
1425681666
4105617449
1430143870
2771002188
1544388812
876292929
3378148408
3098091902
1172530695
2872752017
3492353026
2550870346
933408710
239600503
3528394546
1477460402
4098437303
3034171991
2782343786
1118656349
2339743076
1289190163
2796060448
3586896728
614231623
4039516594
2263683657
627819798
424342751
1262900990
1034686184
749308668
145768098
4100692415
2977181228
2941380002
307501217
2592064216
1353585106
4254761235
3211655506
2067661773
3819072456
745504646
2424994367
2493391091
692778761
1504561650
1778613619
2601222465
867591071
3493209792
3813498305
3998130317
3083614292
1513430268
207078738
3509231509
1947698187
3394812861
2870539659
567426573
2924541491
2353520472
3195808243
458605318
2632193944
4228409311
2344640482
1159784259
73796756
1759561132
2787905734
2086636760
2726073996
1100275919
221193515
2725677424
2553242198
2332952192
3212645721
239271695
1681888260
1723837629
2159310811
2345480329
1848750231
3492328602
2703697632
1805172767
3116980543
3890122404
2164051101
2381263191
462793049
62126581
3453261266
2577936122
3413327715
3511445992
1603689802
3749041372
3334906997
2403827160
3153584899
174767686
1896819194
2966467675
4011005502
2996390200
913017234
1805068130
2286687393
2392940968
3455159288
2285820214
1583309964
1469202990
213335516
3424793541
1906795981
1361070463
1317989798
4020738082
1493954839
3349717255
381531441
908023847
785103164
2160604627
2523498696
4103994656
261417457
2344500117
976988469
4285951985
429362511
3896703158
2377065663
1298868463
692616339
1824141173
274281126
1994273585
1425017240
2384821997
3356450812
407232432
2087508920
3088156629
874750900
135430377
1165712911
4236089872
741274345
50322211
3390494813
4160325664
3998856012
4182683630
1074937637
2302025408
4200702583
1920845064
661359874
1288268124
435787418
2762368132
3484403375
39064466
4141637519
158807726
903743339
1437169251
2522526582
1356981192
3571271904
1980514171
2914105637
2133959533
2806174751
2662804195
1682696381
845683958
1733287766
468625070
3508131856
225250743
240751101
3319781284
1404735091
2942919208
3185463973
724124473
970408065
1686038687
487096777
1490845719
2112661787
1318774436
2733625692
115190924
1571723510
1356815451
3620172042
265569385
2570846764
1413999638
1487079030
493255200
2405105818
1575503942
1980532910
2449946913
1959254467
3761526366
4099441218
1933632542
260679469
3585440370
2968083991
3650334269
3387583360
2629756484
2777193954
385385254
2005754505
53410430
1534732507
350679589
290231729
955199688
3937577520
813591928
1404808237
2113286921
204232172
2017773152
4161844469
2054749743
1097990517
3628355814
8269993
2021768554
1586169340
482304721
1121651766
2261045833
3346470905
968453543
1181654065
3642380853
3259388915
46551412
3555685110
1498182179
392243877
3948611307
3634428930
857747260
1640917626
1082453628
1934283102
3449340052
3871316128
3942122453
3008005094
1534813581
137478754
2705552381
3459569819
1321712523
3309041743
803703259
4062708769
4025861335
2202849889
782234213
983789011
3719187776
2797304126
1191822107
2146919798
1815514144
3486421845
1826344868
1813890799
830916125
1760075872
2450219439
3572285528
250563380
2089506486
1429156650
2653017811
4006852193
2914266484
629802017
304455085
1426108898
2764423788
2564739563
1544642673
1284115032
3078861172
2374384546
4020643839
545435975
2106816542
29807298
669297329
413362318
3863548203
2101152654
3590758590
1501118078
3354075464
1495215673
4036959094
580465440
1622154272
1308179688
1084573706
199907977
1048969072
2697315925
2183048425
2586184366
1419075019
2392961175
2841880749
1547898228
3854204344
2393932955
2487682406
793943749
580927510
1497946999
2869891442
3879321609
1704400422
2733679767
2681296863
3288245013
516288327
4184680859
3629923038
3795812017
3327198621
3593732435
239715399
188724890
2301597094
4076778426
2527850102
33681087
301428745
379366806
279724010
2581206203
1321627285
4151805199
1802402594
1549113124
2171393382
1002966264
2903357849
2763104477
289749298
143568599
2088492630
3851182595
170762223
2655815968
43773897
3751841323
325814639
2721971296
2730038362
1965953297
2322926242
3911965125
456716786
1001554509
1725348624
560248766
2236313672
700798222
3759024688
4008931609
2313681072
667228596
780456133
3269298324
495428100
3628075035
27147594
1085258109
1142277500
3211748009
2298580052
445893350
1213442847
2352799498
1843683694
1788950801
3903304926
1137615263
3020575278
1710424482
2482055716
2809524092
4248182198
3126354551
2137432572
560954607
154840723
3864151010
3172604921
1661428093
2822259526
1932171788
3060962705
1371791573
569190456
3658443374
3550298460
4017504827
3292123164
1262931528
62885837
3595525492
2802833765
3889237188
264023464
4017786778
2716352672
2110050140
3814913972
252877688
2126487414
2745024339
1835293418
1610926539
1115716397
3905317187
4123611088
3463959804
194215338
3768263415
741265568
116670637
3726318187
2003401339
1622361159
3180268419
3908185175
4068914492
583641238
1623330157
520805354
3066829023
3876089031
2727248668
564557519
46563678
3807328438
2241018154
3477685046
4006666653
2733171458
3553917849
2686769080
3472198779
3502267993
2656402127
3621782901
1779315295
3320907466
3668991890
2027421546
2198134576
2533510568
4139985417
404563574
3304280001
818022938
3832580070
3063298628
626736940
2519034747
2742003242
3904667541
2150741136
450300247
3540126445
3280533486
2374613809
3655701183
1815360929
3304310306
862738654
3453348793
5904288
1224352716
3336370488
1509482240
564030514
1267228862
4280648803
2848785921
2459353578
802306605
2793545254
1134796309
2841485895
2541548182
1890592407
4233103472
2308709647
1073455154
4213634847
3789048818
2627243472
2970358259
3280663855
1104121193
990575662
3395342453
60285120
2610914539
1117337265
3592674957
3043079722
2628144614
357614104
3062039910
2358952616
1189415245
1556719760
4057365639
86501957
456864591
3612363282
1058091266
1698698167
1335544859
1290844631
261600812
3592937716
2259880091
2136387919
2911337700
2188357367
2823672004
2864299494
2340725119
3799694136
2504447362
44802021
1270565891
1208816794
1082902037
562193430
3148657921
3429468723
1888417127
1085692733
3095511007
1020346282
3884064509
2279822920
3128247308
590085953
3621255405
1704928683
3003582424
4182916634
2947825130
3042364809
896791472
1399481104
4135586487
2844066274
2512703208
2806435370
4080494177
185386894
743582911
3252612968
3016713803
926600988
4232480533
909220049
2352232497
1215692973
2867123019
800407198
590938642
854728747
1305430114
2738340100
3438126312
1884828165
3206819813
858454725
1322044146
2968535203
1515636058
2747187850
2286048192
3749641953
2008617720
3147552432
2036213647
2530132680
2006844621
2860278193
2771518545
3512720508
1657558757
3692565347
3258653064
3639659800
1548744267
3725830354
1025072211
2687382608
3555191307
428731926
3982748673
1006899796
315690313
4035855145
331580089
4057707973
1333732972
1867733761
2267358098
407426243
2325468397
3127008142
3861889406
787010681
259984869
2822298527
2692141084
2579558421
3705627002
4046937254
2446811916
1832723965
3955863660
3927740448
3617942383
1686215472
156996709
3217967500
4279945002
3500911950
3376457926
1143947394
2666946720
693643015
2501899156
2666389400
124020141
1314847964
4281789579
1222131397
3981268847
1425243335
3546103971
850759629
985015524
1110306448
3081996694
2305303974
2636528588
2893847385
3002669535
1408744332
575736185
2393750587
3655709142
1088274838
444204549
3919968351
307241700
1584176762
3242082901
3611939403
2783588752
1437147072
3681139508
2875804604
2984028563
2239920339
2785670975
1370776413
443174772
137027709
132228583
1555354304
1592318242
2819113641
1745140764
1243806884
4212544462
2106887619
1978259965
2749872777
1563057291
636569925
2537580983
595983177
400359402
1300267204
3213090361
4112731233
1647855375
3652044174
786561303
1874851231
3935060019
809819695
2122653752
2060308657
3191138336
2950961936
1661539296
2367550689
3243762856
2248808659
342216989
3181008293
3335526102
3680752395
1549764376
1860839119
1625528676
3496066586
2024066978
661305869
2210985345
2353199838
565655070
3040492432
296341175
566486923
1175057182
1671831821
832559911
1289622318
1734618468
209099022
1859967154
4160493325
2976800527
203390179
2801608548
3200154421
1659445432
1000402233
3779953250
2390188480
1196545787
421909637
2033434115
2490104963
3284115200
1412002808
662677224
1158728347
2792478438
746492329
157282249
942097966
3421198059
2310233509
2732542237
822512704
2223200114
1058017141
1011105857
1255345590
4097275555
3554477841
3224156702
1656113891
1071794097
3390729611
3938931833
3317267312
694969106
3252112900
2866518956
1300656327
693710419
1531396536
1866665356
3694365983
3050772562
3646086810
114345311
2564270326
2312753802
3366708143
3345910862
1112292592
1769545936
3802852828
2293472759
1746662192
2015381210
1365183617
1273342456
621341443
716562948
429473804
3363350833
3098850052
2712352929
3971162933
2537061618
244002923
2101041800
4046785219
1314099204
1301404529
2646135318
3178922895
1930840634
3699341370
3834659748
1158209891
3454939082
677124465
2784294728
2995014807
1174795343
2888475507
4048943740
3494338356
3773901438
1449481204
1622164443
677316371
1273754159
2577140119
3044806098
345908403
364606118
1710353331
4137634091
142038485
146713758
4155556192
1923110544
1162740980
3931156741
319527975
2816494048
3975238729
3565644511
259825568
2494520245
1371997479
581046482
1245483995
3479399326
3347395818
2223295364
3566193725
3109911436
2261382238
4220844282
2253828256
1464820733
1684854505
4153781068
1649419711
2667765340
435110092
4000866513
3637048353
3769818164
3567353289
572525731
3030522665
342448408
2796445590
2872974956
1447271682
2239368524
3719053369
2807407687
2502471796
2935881841
988183523
245027742
2341450534
756705009
2132930151
786698577
3972571379
3340715501
1985149929
2073994478
738343585
4119341145
332771595
3426952321
2499583637
4246652650
4147883247
1713154664
1805214230
2316070555
998932256
1749476962
1733018243
2033435064
2943764217
1665740801
3798420973
482939783
1669362418
3789235528
1483455928
2388941565
4203707027
662070594
689390437
1994113242
4008858414
4035572849
3390329983
764795181
3912893362
1343684777
2812674611
418678711
881283229
1781353598
1577234932
798182213
725844934
650870441
4579865
2358444555
2779147693
385889975
2377873428
2357986563
2992279127
2629100375
4089320916
3099948343
1119083311
595275284
98021787
84418691
4091234454
1151075108
3380332136
3203013541
2723260209
2630195150
764570264
2391156669
2184647962
2014103972
2239930753
3447555346
1882328400
460155302
381932281
1827074235
1607357096
1114985876
3574912506
3771741887
698944432
2989857841
589909098
3681140755
263278371
4037092035
2448569252
4203458977
425571952
571057855
3871956868
1142502382
3187986112
1407702896
1950815397
228454139
2889941645
3383342551
3264878348
2731529545
2145119624
311522688
490250264
2569759649
3761868031
1909915352
3187305546
1037319806
3399787261
3861266750
4134158099
3573863984
4056079209
1499491908
4243972572
1660515622
1653839065
2284691142
82244728
2847421207
530555835
1662630440
3830358303
1510770035
4287714652
81415827
2220209111
3984809391
549068629
1799613400
2137399261
2611144834
1015406787
3899213759
2982453385
3249200929
3239883759
336953851
3535078829
4099614245
1367784723
279646644
1278058738
2541001619
3286252916
3461621514
3646524995
707097303
295189311
3904618283
1212180181
3220209317
339385948
3239911879
3442806095
1923064549
3760743374
2554472074
3237421819
3106808630
3460350928
3947629187
239979694
2956682248
3440286589
4201455413
438748899
2261589415
2296513658
1220317618
1568101014
1781903326
750307378
3004963133
2188600090
851979898
3482700316
4044154758
1393803884
2108194660
23100660
3616391216
2672855542
579118966
4057536345
2207816921
2027088099
1070508842
2868200031
2928991610
1817922614
295094764
4251582432
11168652
1708050162
41382977
3938250062
346015460
725170065
1693874268
3704331193
4087806596
4111113624
3318984842
577075442
2743172511
3639716722
1931074566
4004499471
3198377156
3468455665
3189606557
1899976333
148630177
1150514005
4100137551
4206336985
3248352840
2986585637
341122178
72464041
2825325291
523957991
1210243739
2069167835
951215352
2516160663
2193573568
609956800
1257503208
840875600
1283567830
3762343720
1274097215
2456180266
1968744070
3968502602
2936521399
190000860
3716810992
1717648159
931168420
3690202739
4154855953
2975359926
148919116
1021126214
3673166038
4225207408
727549937
3933248948
1930900356
4095157481
1944968546
1064325594
2997460795
1226066329
2551336394
3453637733
3164946682
1054665838
1395196093
3930584402
671550965
3290385332
3383081090
3031623976
531410435
1536032403
3310227906
744403289
1127463943
4190323137
2563936142
1648698148
953688596
4160360026
3633742643
3984337864
2010884044
3822567615
225767831
1553612538
384134250
391542341
3730193041
2458419621
1790021704
1147770927
2231775735
2762177763
3488917755
567375338
3843627722
3262849658
723787295
1131770445
4113784993
1893666931
102961053
2182049602
1856847468
81824384
105623793
3114449579
3163780870
419480848
350026917
584055929
1421012181
2236135234
3087354877
1653324341
387585916
879953603
1319969369
433983587
2071622491
2167780212
2087995138
1982395946
2181650732
1358133
3957385345
1254431961
1564955039
3907980335
2099373151
2925253924
4169627537
3708775422
672249404
3378636941
3578125259
778627580
1882115930
1265309233
3404472454
217919981
2592450169
570026919
3742808685
1920303849
1300343167
286249086
2279609094
1493242735
4011774648
2060403613
3383211268
690127176
3292579989
1087261676
206248678
1565692909
2530331593
350456410
125106065
679549863
990604342
1525982561
2065883127
2085949891
555982493
1603987486
2356978582
2942666126
336629813
2178127263
3716468521
3850291530
2094239935
2854435178
2820266370
3829360848
3333163846
2665207962
2460292855
2876596741
1985824897
2241018231
3673553942
1151910066
4294574984
2365166517
2508764272
3832569839
1183555276
3311048
1491300323
974874661
2126357648
3696810907
4143617752
982045194
3995821161
739552245
453181180
782155626
859831229
416559970
4185832125
3900534084
1554981437
4156998005
3867618138
2616997583
2122447788
3152929515
2524895116
398092541
1190875049
1845340776
2452798912
2811773138
3270327175
3930207622
1544696465
3041716680
580942927
1926788359
3341262749
2708378973
4198503278
616771450
978878360
1113993817
466161801
2872124327
774083001
3210113354
72224982
3629767955
3046246359
1111241843
2602576581
1918154937
2245553889
301065272
4058935683
1357427711
153301138
2211012155
3337614879
3036513343
3501379574
3739627242
2942157259
1433359260
771488735
1658777804
2786424857
2490775525
2904444364
3731346345
4253832912
434073617
2828126824
3119310259
935513911
2371928864
2919213648
392237506
2817474756
3737412132
4208297045
3014272972
3786564413
1571364734
2679449400
2905693912
631103158
3685256506
4263359051
916819941
3324573890
3872760669
283957554
3124658811
1746956440
990671180
911719402
475808342
150670189
3354074055
324528538
3622982757
475389965
1820118331
2122980280
3661224875
1967524807
1761790252
2283652678
3987690327
985166426
2898635934
550596019
3958007888
2182256039
1245730126
827329882
1242207251
3467554370
2598494511
3275614932
2153952282
3497783716
979279339
1019551213
2296151399
3223345914
2974341139
1253340181
926038254
2211167354
2925263095
2882307514
799351223
3757471397
1830273711
942074113
3072926372
3408641699
3237123089
149857547
3812435869
4152560237
3666000195
3152803828
1739869834
528900655
3122123066
1655254709
3956567526
1168159121
4265430565
2441881017
991034172
2992719019
421542326
2398627310
3135429766
3739657252
178358422
2221207246
3124564865
1045974672
2143264189
2198933566
924248049
2298661387
1024513106
2939653668
573664672
4186879988
3878834744
2390770798
3472142138
3286877603
3780860203
794920638
3742142099
3373599139
1356509471
3023880885
474351076
2544323344
2569963757
2476392886
2786684024
3314748252
3993012541
1279519242
2937834559
59423475
2188751982
2010490635
3820563556
1736459797
3747126644
3696933256
1013551044
3827910128
657240368
1612007656
2410400459
3224836587
1673886670
3592527963
2168580467
70606868
35644052
3215738491
3198887865
1587238577
3998632018
4062532215
2642399747
1743335080
2437972275
1781101466
3164837432
4284372344
3764409489
2051229792
1664443026
2420334394
3013061759
1142542011
284791108
1772288533
3721437249
316878302
4290248302
2009582716
1873193968
3179898597
1196001566
2183984411
2049469775
4199403195
764144914
2719235805
1440491682
3386429284
2018332447
176967028
73802866
1316103662
1706439331
2707129002
3395107942
4126367217
2379388793
2993598868
3142409259
902662697
134310583
1390104769
1211310136
2979995095
3965606968
3562054013
876588619
3536300861
1684400422
287926936
1247414211
3171424995
739623309
1172281457
2050869401
294246574
803485851
2918988321
3284981805
1291604044
1616379012
3724064760
1402444284
260869414
1943518010
1734678788
2208626111
1401056414
3790836270
4264932911
2220795585
3111264161
3756310273
3138044654
1470080921
1714187868
1652908881
594458978
71325163
1214105352
713382432
2608827733
127087009
617030383
3003346157
858061610
1441936717
871579186
1723289403
3982017424
2851389421
2856406630
1954426317
574486198
1376141072
3754258031
1233318535
3337515843
3676273797
1361457111
3294638844
3118612270
901758607
2385125273
926010713
1280788728
1469397483
2704969633
2949852676
1722427899
78980309
939284300
2785419023
3903807959
755291174
415812108
521495430
2981134396
1336105001
4278665956
2638241512
2717381106
1109375981
1977621432
921478434
1255980139
845666925
3524800980
1914297550
4278029217
2168465755
788881632
3278203139
823905127
1076309383
4199659422
814956006
1809738969
150379632
1983283213
2620648811
47805407
844910581
2684170801
195926439
3628941366
2155508773
1414644988
123791018
2013739576
2587910843
3129009341
2226805489
2714611905
3704505569
4125405377
1983087081
3397967580
2099534489
2629979481
3794971863
786827419
3604133145
424448189
4272120618
1745427616
3817704467
2418236032
1679632482
4139930326
4206901212
2367525212
3778684082
64434065
4007986669
2307958201
3318599735
3482453488
3946112689
77951666
1506445372
3035325146
1693700407
3269645055
4136945148
1362574142
3015713329
2249224299
1801843553
2923145703
3017625713
347943784
3665221266
2359829154
2722250958
1971903937
2091654008
2763977591
3944545177
1504109312
960860839
1513052529
517425064
3608587321
1763896393
1792495938
2414891819
2801677170
639823971
2493231086
3032292246
972697224
2085254627
2182264955
3802051716
4042180511
1417320100
1703850059
2662100591
1118748722
2794120363
2832733891
3249477550
1377101951
3155586545
3501251273
2939867766
3753618250
2339269395
2574197907
184971070
1615770275
1360803757
3064764541
2502870878
1397694077
1775599466
2415193201
931914542
1148254105
3901398438
1992703397
1388133055
4007973103
2411468719
1493415984
2774639523
245339101
1612615132
18545093
3495287717
879985318
4173864107
1365553576
1277331336
3775026952
100148214
1986517918
618747118
3616617448
309630103
375138754
4266716777
1800462921
3811139001
1860490293
837902107
3991460032
2464550896
3844473319
3816125580
3920156030
3813052576
2489209168
1910349879
3626643299
1767347155
2699228749
3390517941
1975399008
2817429123
750523839
2562164169
2770285132
82853854
2625826688
285544158
364074048
4292079091
453085590
3164205578
220429270
4025929960
746537340
1286215896
1738621170
1214381172
2845669929
3674148022
2587163441
3691807244
663432030
1894821203
261984329
1986207983
422153614
922052761
3704598385
3527212101
625175392
3490715307
3401002383
939331529
2109997455
3127642575
2422545830
1084277619
3705160165
541395983
3441347903
3447136751
1405463412
2481470730
3248081982
4059910785
1131532204
12189010
539892323
341619208
3614654444
3791502036
1755872518
3357743767
2115083230
1399747268
3192323764
3642546862
2540073370
2071795391
3444507175
326037492
2239081871
3485756830
2836419393
277532161
1253079403
2551229030
113536744
378638506
2202078543
1279022739
1985601695
2049793793
3088603432
526883249
1752096423
632300223
2015347552
418088373
3308718100
951888356
3478712532
3938956431
507797826
1122818117
2114220971
4199284348
466735076
1848671949
2266169898
2179420481
4206752020
1658078912
2667836140
1071978316
3261273147
1730910579
588538413
3045355459
1302282960
462000193
1375831704
1671004880
4291528199
4138705526
3290575319
372654450
3179454980
3114504512
420854920
3872365993
1149647975
2885008981
737306796
2411582771
639258070
1106195468
488519409
3498682295
1030302757
1834383435
1810475195
4051029797
3083589421
557390300
1755286243
1304574196
3793462652
2220783427
1041853929
1480938439
1851633224
2591835971
1386032812
672041926
2966338461
1675769513
3612141329
3313513230
3438040722
1860605912
2231504406
508692886
3499980
3767530098
2490044123
1055367182
570067561
1208970180
2746125387
3879509627
1915293438
891953983
3074201104
3374333774
243887761
3287369970
2290331032
2337279668
2108673571
1314207453
1616735733
321503303
1379358023
78554613
904055289
4267636136
889264092
2301182385
129608122
2970303699
1882646853
1769843142
2110685849
2542854593
1823233408
1222530822
466862342
2119562185
3016909955
1499415649
2212759019
2107977630
1691062677
1947658205
704351589
2025460524
599715672
2672136716
2346670061
555502470
3652425504
2969191562
1729703506
7619694
1871431564
4063187138
1723068077
2913638595
3661790333
2497828129
1415537646
3761990052
984303539
2595964240
3755763379
3684110170
54884470
969770009
3371491691
3034225130
2554685073
3379140356
436832856
2172653514
4120408136
2629557159
3309291994
440483490
4170830450
3487858697
2304329125
3229909726
772197063
4078601877
657936103
810669546
286173032
105353327
3078220646
1519359210
2844247440
3826707780
1982773218
2884932601
4025515314
3947295762
499907801
3617551136
1804802145
4196139561
3299697619
2004823204
2830429501
1591146382
3910677257
1634268327
2193383150
1441949550
1203305046
1527673065
2750496039
1514301468
2945014939
3279270453
1904494364
1665969249
947700160
1021174970
2862022303
437773985
3435006279
2463153445
3718332137
3284655091
784382324
1450865879
2628256280
462566683
3860734589
3312236584
2577928484
1928264931
1668830968
4037617517
2211463802
3016225696
1920568807
1314638786
1822326410
2542005180
2301465339
2714464110
3157670046
496821877
4019972656
3315029152
2732937228
2777971781
1831948235
3030893532
2085552018
775885291
2062085677
112819269
3456620727
203959841
1400831604
1083596420
3995621613
4161430123
536224957
3297021677
2085300035
1474056583
1233276514
1280932370
3643692659
1472840885
2794424798
1554665243
421178389
3224023195
4208215412
2673840674
231429597
4281603417
3764655326
3869414807
389501448
2404696306
3746653348
4033962892
684312534
1700992972
1441859751
2987922593
1825895081
1327738343
294143959
1885603393
3739169499
2022780486
1279680532
553373947
3452114173
4062347940
644545219
223399549
1605982967
3117483966
1356174921
2011398667
3065968520
417185013
3145093137
2312489360
3561090755
4149220528
4006974499
3898243375
144991405
1833371265
3370221371
1594707073
3356988698
2405410087
3838282772
400101223
489154385
2471324578
188713301
1770394433
1297635286
96656379
242691304
44918281
3606798779
4041432644
3179675217
2218305937
1788311276
189211825
4029284573
3881861041
2199495757
3571508033
3474449109
3047302096
2288833439
1167189019
573134006
983188144
1574451388
156243279
345484378
375565693
1689205950
2901661495
3465086742
1948301902
362276175
471354717
961239360
613826142
3925460647
2916349575
2118983125
1111226645
1961723372
2718472033
1757049576
4146650982
1058874275
2446944663
3280081950
4175077479
3516575794
3053168371
244845509
2906644113
3709365786
2474019868
1407611488
2484133163
4196934320
4243325617
3085760107
1283317559
2041279618
2797651937
651345063
2034420462
3488686858
4003378944
1167066915
3388231489
3245568040
3161245897
2461687398
3132917636
4113054594
3702695005
422669921
2502717459
3969632580
2927676767
2726246700
1682097716
1268159189
2865237824
2696222701
1543903735
4054314659
4080878811
1198628464
1518710838
2518862937
1367880527
945252252
2053772716
1715790651
2639750820
4201656312
760370288
4204021986
4129584990
2462315632
900876222
883731205
2215103368
2430788133
3934595055
2300643285
2082187020
3252294090
1992978944
690606676
3301847542
1020052801
1399146419
4029833231
1071995163
2760921817
940200555
499037930
2643335408
1706688356
1363300792
3196235885
2526143335
1104990262
964976257
3683402281
2884180818
590964699
3836319238
558874922
585461684
1442863634
3306578438
197389954
1695881060
2696285965
2088166804
3634267450
2181172270
1472329529
3867373313
1172341644
209972297
2174362697
3905360515
1949859205
3181637454
1152997547
2293647618
4080982266
528661243
1419008444
2923427182
2422063466
209634838
675062927
3434258241
2105542895
1869424125
2637161684
1654854036
3061916683
2757411913
2687273887
2399074424
3090800542
1374101550
4127499767
1603777717
3772424239
4103997249
810156222
2790985006
794511064
2160215397
2585882232
3481873517
1238450093
3622263662
2788501722
4293693274
1975621312
1217936372
1873220782
2184991544
1350439075
3819677889
2128451076
3816076241
3669906998
3260104185
3937633275
1164062852
2138686768
2374742429
2443157848
611648432
538293109
221409942
1029917048
4069900473
3482568434
725352120
1748849572
2015874256
3991276965
357160609
3381910314
1465873506
1283657418
296699038
1789356736
3818607186
2215902588
2175035595
2582703569
1528102377
460050630
3826522232
1453564049
1143449725
456754355
2670320349
3978175271
1054977569
4158900780
885489118
3178193286
3843207356
750685347
690860950
1150304167
2264485006
798610922
2461483810
1010037340
1615034311
1015847842
3408747596
3243584512
970052727
2992291247
406150195
2524407976
1063710668
3715253119
3843771268
2455985014
2604241657
347689628
2534034049
2108502552
118481435
351244739
3954818240
1972988011
1793885001
1310355846
2705421825
1622987850
517793222
2063477920
3266195775
437593859
121560312
3804090285
343409376
4037052105
338362348
3543603
1744549710
3124634990
775511684
3720087335
3098245995
494648497
3521595135
2769385023
3738112152
1023554888
758245023
1501866292
1648334958
3970618052
1342540460
2249767883
42831248
3999023299
1222070286
1431229759
348144408
2668354187
3768040078
4263077179
3236048695
3390762215
2725048227
431643716
1321844861
1787660400
54909866
3007055297
3155057521
241742489
4093735152
863345195
1590027292
893024269
716392350
2382937261
2797545711
2020600358
2743018475
1597275079
1001018922
2399756149
2761026555
2588472603
3808294522
1784209791
3097813478
2698474788
3063599343
110775451
619400423
2427593777
3355460346
3324500709
3480389826
2474698785
832747906
1991850704
1191839537
2744402159
73070017
1186038521
3106442528
1876241792
2023653402
2752950257
3881212760
1954987520
1503160658
2136963693
3492278701
1127627458
3362566169
3413949816
4002737930
202030683
2043214434
798756557
1517420420
3393821668
1955223264
2623319726
4002535864
4155751588
943569803
1760897531
2736827790
2733150695
3833970481
262712175
2830329839
3801086209
1000349312
2056086664
2275309174
1971365452
1267653897
2867874990
1067154660
3445670878
2633654641
3768245922
1066446972
4169139218
3820865428
1150961161
4020452261
289277767
2627137333
1727596126
3228941338
3618188695
4251498866
3583841442
4035417377
496119190
3056156868
543974950
1974861468
561267437
3886149190
3380729568
1658032711
1580196257
918571697
3777460283
3025325912
755993868
71036468
1041212995
305885361
2334101354
3700169051
710811834
3318169394
957144879
3070199712
3339189720
2085122113
2068057197
1552259228
2559045141
1261396648
303164922
3541633656
223740181
969521330
1810121653
3160100513
688191671
2272661999
2177714616
1712491305
759510416
3734166404
2626951333
271587288
4078163655
509518634
912326580
3621467137
3156543945
2321022142
2239883089
3994415278
3147206812
1408818090
369615574
2723124409
597445005
1724585895
4243327737
650068409
908991346
540708011
3132123792
1357472839
2037988148
963981731
4175923498
421502905
3987234927
4096651986
1764910330
4018356955
1199308465
3665877908
1884893811
1404174567
897878548
3761086288
1354342285
484483363
2090865172
1957628351
2487495706
1006830431
3439281683
1759030836
3909639885
100385617
3808055459
1985262204
3444656265
2898878065
177935149
1320679647
704488917
3575701623
2069681724
4174414646
1766794457
3781762579
2000178182
3566049110
56966558
821378502
3347503360
1342883003
1857576714
1712665379
1475324852
704480671
884116721
1715431398
599098781
932283611
584969979
4185026812
4025481503
2514624222
3470753053
288378610
2315840410
2361801606
2995205849
3587172851
3382745928
2155637613
205876694
3561583280
1725877015
1744042480
1324285030
2834599
2412172731
909603046
1254259155
3754418019
1645860699
782282620
88273266
848126448
3057513433
424396982
2798060846
2156402591
628640081
4229268316
147256177
3847801061
1485856768
1411435130
3940164484
1633704167
363432944
3023229061
324972261
2111471523
2667299486
2876212132
3545667902
2048804058
1960647704
3660673442
3896052401
72106124
793306883
1608962513
2272282784
1481940785
1118358658
3790667852
1768285804
1835863487
4118655833
3571517998
588162170
1586372265
953156019
1338568745
1342230400
4034076785
462731372
90365793
2262596605
379082899
1305370966
3171989887
2927683037
30782973
2643696906
3314956334
1207884444
3330827392
495770021
2454406507
2804185328
1497862955
3497488372
1025871385
4248225317
1530549073
4037392743
630769250
1728944095
2326609350
2916459230
1968252256
3976309696
3010159525
1233977452
3550184324
2936208435
922268554
804856161
3912603657
1463745806
3091473313
338341025
3547433669
1551807754
323455123
1960016339
759016172
2096884256
2906377989
4059340950
2100600934
3107115945
1883505423
18470522
1092542795
79265136
3388191652
2083825262
622822197
1529935485
2319841078
12091010
3100285445
3776556691
2190480995
2337983914
2221751061
316522640
378432752
3486223800
3754081160
3160419658
3727077459
3403162380
2243563763
2698226113
3282500711
3374525439
2957418770
1948977665
1419517768
2082081665
3575894690
2316215350
3370368016
2648658547
801829536
1280918496
1195334385
2686516249
205183372
2415250435
1420305911
3174344000
3154815637
1717015607
605364867
3700761983
1638055936
3047824138
2440829194
4165672105
1036995136
1283297850
2483026593
1858047689
1103649495
3376792539
3255644838
3186894818
848691719
4011805724
1465432310
1677537273
2699089916
1768748918
2174047365
1417513271
2388351982
3993532649
284978250
840804156
2435533890
1611325488
861173684
1964595318
1641089365
909106444
1523505434
433555160
5965361
1376613332
588104521
1978387943
4003806004
404335453
1778451141
2151515454
3530910863
1261469776
197909786
1952860194
3977729954
3528490695
2188651958
2440683989
3992972160
1121309596
1443335482
3295520363
4131638632
1199460924
3255805988
1507878144
2396811253
627778038
1458809740
729063291
2786630185
2259644948
1065209331
882104591
2141279338
3099837950
3058007753
2342150118
3269949068
3977953040
1499098188
1814892306
3210151811
1079609655
2031424390
2379369462
942494587
3926103703
1809900963
1071638778
985123241
2552790160
2872527718
1863914784
749027605
1905742013
4076325450
746869892
1323092821
188220061
3509994835
2131238978
408621731
3565322276
160588402
996129032
3718177111
593660179
500384962
14778472
66918703
1349215380
4003778684
924124012
877837595
361948935
3506081235
1732505998
258770568
3989583242
2159054614
3597094712
3675446319
3619871283
1590318968
3909438580
283070015
1848598806
3392975957
1992341333
3508395751
3308933661
1800508420
2566406913
373463316
2262112836
1637581113
3579110507
850857864
3905730083
1970765088
2706741776
2969978417
144736044
584110209
114267333
3548662245
2549659405
3802148214
1132695338
3001636112
2964777899
2359223855
1088734494
2294534080
475727537
1306860714
3325316496
445147901
2507064406
3710829902
3210807950
2244300333
2512723982
4130774475
41637818
2107053681
2501897501
446923125
2006504979
1165164110
2614768252
1768710346
1875001453
3895904768
987363198
416737306
142517525
702602662
3394199934
2526465855
46640061
866328015
1731710957
3000348450
3458015618
358011467
1328968477
2208312914
3392058229
4275949831
1945852862
4274104617
1241580559
702674832
1415839486
2922337071
1196528177
210398726
3824306353
